[gd_scene load_steps=4 format=3 uid="uid://cxxec61boq7ap"]

[ext_resource type="PackedScene" uid="uid://e8qr4tkafaco" path="res://block.tscn" id="1_flfgm"]

[sub_resource type="BoxMesh" id="BoxMesh_ntbm1"]
size = Vector3(10, 0.5, 10)

[sub_resource type="BoxShape3D" id="BoxShape3D_s38u5"]
size = Vector3(10, 0.5, 10)

[node name="Level1" type="Node3D"]

[node name="Camera3D" type="Camera3D" parent="."]
transform = Transform3D(1, 0, 0, 0, 1, 0, 0, 0, 1, 0, 1.63407, 3.43305)

[node name="Floor" type="StaticBody3D" parent="."]
transform = Transform3D(1, 0, 0, 0, 1, 0, 0, 0, 1, 0, -0.25, 0)
metadata/_edit_group_ = true

[node name="MeshInstance3D" type="MeshInstance3D" parent="Floor"]
mesh = SubResource("BoxMesh_ntbm1")

[node name="CollisionShape3D" type="CollisionShape3D" parent="Floor"]
shape = SubResource("BoxShape3D_s38u5")

[node name="DirectionalLight3D" type="DirectionalLight3D" parent="."]
transform = Transform3D(1, 0, 0, 0, 0.677325, 0.735683, 0, -0.735683, 0.677325, 0, 3.51413, 2.22624)
shadow_enabled = true

[node name="Block1" parent="." instance=ExtResource("1_flfgm")]
transform = Transform3D(0.65932, -0.751863, 0, 0.751863, 0.65932, 0, 0, 0, 1, 0, 2, 0)

[node name="Block2" parent="." instance=ExtResource("1_flfgm")]
transform = Transform3D(0.926206, -0.377016, 0, 0.377016, 0.926206, 0, 0, 0, 1, -0.173339, 3.68196, 0)

[node name="Block3" parent="." instance=ExtResource("1_flfgm")]
transform = Transform3D(0.541694, -0.840576, 0, 0.773548, 0.498498, -0.391309, 0.328925, 0.21197, 0.920259, 0.910596, 5.38118, 0)

[node name="Block4" parent="." instance=ExtResource("1_flfgm")]
transform = Transform3D(0.926206, -0.377016, 0, 0.314105, 0.771654, -0.553072, 0.208517, 0.512259, 0.833134, -0.86248, 7.06314, 0)
